6.826338162737029869e+00 -8.235822776202526008e-01 -3.649946296486214752e-03
7.066125449965248606e+00 -1.188030159394147106e-01 -2.415063054143909774e-02
7.464707549626639960e+00 -1.158657682714913539e+00 -9.066999976330852168e-03
6.238999150567758889e+00 -1.052848628347233362e+00 3.859244264800430757e-02
5.079076163864253424e+00 -7.589646120497580695e-01 7.787719977752742551e-02
5.862314619813933092e+00 -9.997900733388122019e-01 4.709039081317064473e-02
6.782401216228158169e+00 -1.287580999571490858e+00 -2.037204773221623355e-01
5.813464887050357355e+00 -1.469663184076700491e+00 -4.849009738203934744e-02
7.057909243703469393e+00 9.000364802076999959e-01 -9.574366009298286573e-02
6.311267975469059266e+00 -1.881206448828754541e+00 9.955934247214620614e-02
6.152944814318622946e+00 -2.686832515704972169e-01 2.269390528995594569e-01
5.960953630086296862e+00 -1.540082038455648172e+00 6.280684329488266104e-02
7.459670295543051388e+00 -6.202917622400836578e-02 1.573354189728705388e-01
6.829067985357890613e+00 -1.023356709793342922e+00 -1.594766171847657177e-02
8.017930707872823248e+00 -3.543011880031979866e-01 7.888779515893362682e-02
6.576793197766752641e+00 -6.538758750041991918e-01 2.550253415224475462e-01
7.231358969252688063e+00 -6.317529917735092981e-01 2.227383112007778609e-01
6.767503049493292622e+00 -1.719659617045483577e-02 1.204148416968964103e-01
6.976713599405794497e+00 -7.309812255434717798e-01 4.594313556300439610e-02
6.566862683942364498e+00 -8.447748285570674254e-01 -2.306590144574949541e-01
6.155811827534590108e+00 -5.977183028594245107e-01 -1.734299961000108081e-01
6.389673661242476044e+00 -3.714970865655389254e-01 -6.668252603770580267e-02
7.103197706442681003e+00 -5.951453613541867194e-01 -4.517267209994789423e-02
6.016743797661589177e+00 3.790461322910604891e-01 9.746133844602307417e-02
5.121773881416488372e+00 -1.490247090097802873e+00 1.364175943525259838e-01
6.984712541300161170e+00 -7.717150093088930296e-01 -2.174442669431608521e-01
5.777396158863256304e+00 -1.062685168374986056e+00 -4.435511859905311161e-02
6.983860475485584196e+00 -5.690267554943223560e-01 -1.520336581632148083e-02
7.597963702742506875e+00 -3.342464324073570192e-01 -2.377221894261217355e-02
8.290727030210659265e+00 -5.374302588120233315e-01 2.115042262457243402e-02
7.519327221751660240e+00 -7.048667446631865507e-01 2.384280422342590355e-01
7.185475866592296867e+00 -8.115232040651610967e-01 -9.109821998416206545e-02
7.008978624965909177e+00 -4.859471201157784526e-01 -1.185486140682587702e-01
6.539919422160465068e+00 -4.195831146549426904e-01 -6.287999762265197856e-03
7.267102016409578091e+00 -5.607759933544887998e-01 -2.342865770762161959e-02
8.513128848758814371e+00 7.010365666614705449e-02 3.180256439841438326e-02
7.964275033684815597e+00 -5.316952278743575233e-01 -1.257596835170953498e-01
7.263685025420065777e+00 -1.281147785516220328e+00 -7.321286429816098451e-02
6.129985801826498104e+00 -1.003619735203964192e+00 4.308756301539267558e-02
6.036969499861618793e+00 -2.757256102698811273e-01 8.196450205115456134e-02
7.202136642666385313e+00 -4.853849976956887691e-01 -8.663530816797811174e-02
8.220441663180649172e+00 -8.611761982158153694e-01 6.883845750789444051e-02
7.452735120231843702e+00 3.557214349282656340e-01 -1.031439083916427524e-01
6.479223802994948933e+00 -7.367982884552308764e-01 -3.063035678119674018e-02
6.505922181351039058e+00 -1.890903584123883929e+00 1.502576849645537449e-01
6.183568718218816151e+00 -1.673259439346047595e+00 -1.267812562424154021e-01
9.261627172460249469e+00 -8.721101742939624257e-02 -4.068197409242464008e-02
6.009353009852261174e+00 -1.537147567870853493e-01 2.094103020537572968e-01
4.284547976432562244e+00 -1.130327352549331810e+00 -4.104202686693997609e-04
7.200292005986507426e+00 -1.211204699074108992e+00 -1.111221128791427303e-03
6.848735741839854896e+00 -7.619859001318528557e-01 1.324027611762977064e-01
6.153413617904806010e+00 -6.868690315671548419e-01 -1.522620455815538176e-01
7.634410991833398441e+00 -3.581763976369807811e-01 1.663830532629170800e-01
7.165130613969266093e+00 -1.319362005659599157e+00 1.345569953206365854e-01
5.725346693341622384e+00 -5.085515382695762199e-01 -1.356861456441619262e-01
6.272116878134551321e+00 -9.741136019934304446e-01 1.252202154420460067e-01
7.121445470924650856e+00 2.089492707951628447e-01 -2.214067947311751036e-02
6.743129400985416133e+00 -1.189770377002081769e+00 8.279530122969207262e-02
7.087675540920781891e+00 -1.626363628183039589e+00 2.099413398847627815e-02
6.440828808345058221e+00 -1.720968345787483145e+00 1.802306859107111539e-02
5.585683429898137042e+00 -6.183193716804924467e-01 -1.007605218589343876e-01
5.368272349507493324e+00 -1.370321572756284967e+00 1.219628080871516390e-01
6.275401324350882604e+00 -1.703755925712949315e+00 8.782843948870859563e-02
5.892321472867455334e+00 1.620949968033564559e-01 1.052116399624166837e-01
5.246035526122571291e+00 -1.840552881429378562e+00 6.390909336985929612e-02
6.037503717702127126e+00 -1.088671262032319564e+00 1.371231707954857770e-01
7.938792267761510146e+00 -4.237003452265057923e-01 -2.759382451808585490e-02
5.870060927053815547e+00 -8.405324642149636372e-01 8.349339429906428925e-03
6.491128524023568325e+00 -7.947517730863394858e-01 -7.244409509710321438e-02
6.278603277674859484e+00 -1.932559081722657890e-01 8.556947832115702202e-02
5.330728356836682558e+00 -1.792718359664610128e+00 4.689776601803771414e-03
6.084651489646896394e+00 -1.338404985302150019e+00 2.287854911099637331e-02
7.232274431296845663e+00 -4.740500040111975122e-02 8.361995108107457553e-03
6.893139666041417257e+00 -5.061126880584376764e-01 -7.940503603540861877e-02
6.822329155954474089e+00 -1.156780835905430183e-01 7.219572104595348150e-02
7.230068878483097983e+00 -5.762474533191033199e-01 7.786220975698605884e-02
7.024186270863044257e+00 -5.734473942717375206e-01 -2.570334587989572470e-02
8.164627308444249110e+00 -3.052861305370154765e-01 1.924933532075989023e-02
7.514828437056689125e+00 -1.259520815728470078e+00 -4.077503497226244583e-02
8.508611527233480132e+00 -1.433120558939824152e+00 -1.238182327870242794e-01
7.238187214037409944e+00 -1.764692277655602604e-01 2.190357393623867388e-01
6.063688999771541077e+00 -1.402974885864936017e+00 -1.585304944645707925e-01
5.136555019896404950e+00 -6.234958771751990536e-01 -1.869016369829957017e-02
7.509807011927198239e+00 4.159176903846589224e-01 -2.099370858227584957e-01
6.962700162936043213e+00 -6.138701014660516986e-01 -1.503095079831416603e-01
7.732490404740160805e+00 -5.607031004765031801e-01 1.754997045412277357e-01
6.524619156344151349e+00 -1.082140380770593602e+00 2.560773264681408951e-02
5.640026581077399292e+00 -2.207702898304838346e+00 -1.264455219027047217e-01
6.200914688439533862e+00 -1.302068353551763646e+00 8.070869007631177594e-02
5.577950643755966276e+00 -5.227938165209957688e-01 1.811495805118690516e-01
7.428867608016000545e+00 2.368317353629356137e-01 7.865850552926037173e-03
7.345396944455836241e+00 -4.404559753087670948e-02 -1.647902885456610234e-01
7.887756174463224745e+00 -1.523429640677867736e-01 -1.760962311515130302e-02
6.170594736816125803e+00 -2.065615978138569897e+00 6.931164549551685483e-02
5.682001307502471121e+00 -5.083995346205142374e-01 5.484953051828755227e-02
7.716321240476864851e+00 -1.215633579709276546e+00 -1.683853594613418381e-01
6.366332613747364810e+00 -1.376048812873354121e+00 -1.668368716708336918e-01
6.684162684659733955e+00 -1.128025031980614434e+00 -1.607525512578465710e-01
8.559352385912514904e+00 3.646750010730973740e-02 4.580045799890542640e-02
7.298525799399133263e+00 -9.653781411800758105e-01 1.152535851230657993e-01
-8.306162584557721384e-01 5.463540577606781218e-02 -5.792916544678961693e-02
2.897579006339084384e-01 7.443022210778986458e-02 -6.222736053740069578e-02
-9.416899552554282016e-01 1.008135897886708043e-01 -1.846500615166505876e-01
5.938253275623354976e-02 -5.337205242426972251e-01 1.216040105103660118e-01
-3.035386025696149015e-01 4.519669223427780769e-01 1.143590126755025527e-01
6.027696032341712806e-01 1.071017862915835117e-01 1.580130079147383515e-01
-1.458236247849233003e+00 -3.697729867097725442e-01 4.219488333147419085e-02
-6.784229497225219285e-01 -2.790927890742552209e-01 -1.595821594269248023e-01
-8.025542556939914141e-01 -1.208681864968071284e+00 -2.092704461893706291e-01
8.414085870516946342e-01 4.262819197507458635e-02 1.321044784312302295e-02
-6.788179855806498741e-01 3.710293143362835000e-01 -1.158202499166762489e-01
-3.610017187683917106e-01 7.189729101244185516e-01 -8.215890487449323265e-02
5.958796222773905527e-01 1.996761628685609635e-01 -4.650779112517073460e-02
-8.714347599481424567e-01 1.243832851144771323e-01 -1.130965886620511895e-01
1.456282634463991643e+00 1.154303045717348875e+00 1.665714174727018701e-02
-1.148509381237920568e+00 2.925733190700756103e-01 1.345388761973393410e-01
1.773333491189951205e+00 1.765272974212074020e-01 1.864852258920879705e-02
-6.362483139545472843e-01 1.159915352582907289e-01 3.105858412855910800e-02
-4.389137943200788899e-02 3.443066112875646234e-01 -1.415499165108218271e-01
-1.298518727130346662e+00 -1.113407654936078739e+00 1.721970030471764723e-01
2.264064653871923280e-03 2.096201574123030265e-01 6.471452952471383469e-02
1.864858883430412784e-01 2.876499330302660917e-01 2.017339004776408651e-01
-2.373135041324681560e-01 1.034581770395289313e+00 -1.959514292416744685e-01
-8.094887709091720396e-01 3.301333629169401762e-01 1.371067006147150824e-01
1.212520854714297797e-01 2.614246996435251602e-01 1.036256906301184499e-01
5.666548151077017703e-01 -4.674064570683209574e-01 -6.208380952009295850e-02
1.222074082928066963e+00 -1.694686519869406660e-01 -2.551918732172661630e-01
-1.277845547640022783e+00 -1.969723268381575951e-02 1.007900527181140038e-01
-2.072974216917446988e+00 -8.722701102667826945e-01 -4.490126390419858088e-02
-1.557396354629767110e+00 -5.264265570483769308e-01 -2.303527934826276879e-01
2.580650840488299923e-03 -5.165032087728193000e-01 -1.357422663497491189e-01
3.175942825050623308e-01 -7.125124226780351622e-01 1.532267013106980089e-02
-1.014543375211612641e+00 9.925115384545645236e-01 4.075773659791702419e-02
-4.858140350624223780e-01 2.870436049361242969e-01 1.088775220265790766e-01
-5.898885158249015381e-01 7.933442322699379989e-01 4.564157944291626773e-02
-2.052499039287061233e+00 -9.473092170605221796e-01 2.057087913556972791e-01
-1.058560709870960181e+00 1.996146644018767791e-01 -4.914716617545915323e-02
-2.819476564225250392e+00 -2.438486860904350365e-02 5.702999609959358285e-02
6.191479496254020942e-01 1.857678941707411879e-01 5.713865231909159847e-02
1.841475236111960734e-01 2.693476149258839936e-01 -1.312383253179617848e-01
2.031552774265212413e+00 8.479794741175654682e-01 -5.449278468015807814e-02
8.249591372200586470e-01 5.834033125663831143e-01 -1.145387866498759621e-01
3.719687395137537267e-02 5.363093843926324267e-01 6.166056857383418743e-02
4.667877279246592237e-01 1.125181749616862986e-01 2.035579719854925269e-03
-2.023377840196202371e+00 5.630339800880616030e-01 -8.231390805492129481e-02
-1.461372292844257181e+00 -9.361850258994457163e-02 -6.402770816023942158e-02
4.275150540584240488e-01 5.029313167490886416e-01 -1.271511170804131841e-01
3.228006813948685605e-01 -2.443788508916446695e-02 6.435342613120867417e-02
1.624340066786301051e+00 9.865797536014988545e-01 -5.470920443011961093e-02
-2.763027648061281982e-01 -7.542071001019152732e-01 -2.628562856106739579e-02
-1.334345263236942580e+00 3.533882997256273528e-01 2.100274643233049354e-01
-5.452017332921289539e-01 -5.522530412840270797e-01 -4.011890818376180612e-02
-1.670290782971013965e-01 1.277085352608044344e+00 -9.703194571124194867e-02
2.066146258908781730e-01 -8.282471953916155094e-01 -1.073845156552600821e-01
-1.154086451824967163e+00 3.044642872147053092e-01 8.566061898904279992e-02
-7.977750453282764775e-01 -3.037603991439216111e-01 -1.739233592515371588e-02
3.026968134989223014e-01 2.335118242485616225e-02 5.047913886268331346e-02
-1.033963040966008329e-01 9.636096911752350946e-01 1.856231363880340157e-01
-6.348477460047747822e-01 -6.810504236138655021e-02 1.626023176859963948e-01
9.989275428561634751e-01 -4.830732772128160657e-01 1.855413096799577929e-02
-1.286506212923401726e+00 -1.842965714464336324e+00 -1.914497174100717597e-03
1.183517973858397854e-01 2.777400272650593638e-01 5.445880958310390929e-02
-1.158670518534469923e-01 3.736417239399233980e-01 -7.840094495355130755e-02
2.159580770672908656e-01 9.192097885499785070e-02 2.406314812856020710e-02
9.869026411451338188e-01 -3.417147426739455818e-02 -5.551831601541563910e-02
-1.937226068259264800e+00 -4.074712796170355533e-01 -5.257532429062987053e-03
-1.717517166614312085e+00 -2.661059441462922948e-01 9.487836032973975819e-02
-1.211572440524817607e+00 1.465762794290861593e-01 1.471330932182555173e-01
-2.135034009131898391e-01 -8.167246512722228236e-01 7.621133667093081543e-02
-5.120046211395863356e-01 1.675471882949958469e-01 1.942798165392449206e-01
-9.831810303861461264e-01 -1.181546981440497968e+00 5.350815499946088433e-02
-6.396825929963891877e-01 -3.296274537941618621e-01 -1.746438828616301009e-01
-6.304040540431202766e-01 1.084801261914988935e+00 7.907884476906117122e-02
1.049508438105209440e-02 2.967829353531298286e-01 1.186562955433901195e-01
1.848597619541316739e-01 -9.519515666428796097e-01 -8.462866496748754075e-02
3.658300237215238448e-01 -3.169685593047077976e-01 -1.376623293893706468e-01
-1.055576265395513635e+00 -2.054169292501599464e-01 -1.681516721117489177e-01
-1.029379757631391501e-01 -2.349726916500640417e-01 -1.206271328307933766e-01
4.701713893632534363e-02 2.803237654921501565e-01 7.168420861910621868e-03
-3.137467526848723431e-01 -2.320779733799357980e-01 -1.442786149536143814e-01
-6.462230799608734699e-01 -1.664858147950917910e+00 2.894082079086641654e-02
-1.122778512331253253e+00 -6.138885593628925497e-01 5.868294418318682065e-02
-1.293382075777457896e+00 -3.778959562092265578e-01 -8.160233454865441216e-02
-2.585068610389496424e+00 -4.765890272920847992e-01 2.446816522343671085e-01
-1.966128891123031519e-01 -9.418837460997520061e-01 1.277349192263785294e-02
-1.805868528435601583e-01 -1.669018470657400999e-01 -2.068171957889485268e-01
-8.386502023562423247e-01 1.493337920419274267e+00 -9.950629984996487917e-03
1.011378843213251555e+00 2.231117017435462757e-01 -8.740430858127393177e-02
-7.485044249457284415e-01 -5.998948126825560251e-02 -2.148597704779724726e-01
8.258974065583637447e-01 5.726969358724169623e-02 -9.787032426553217423e-02
-3.287347526973661838e-01 2.528623227292961517e-01 1.714753256832397127e-02
-1.422906607251796851e+00 -4.303484650701441122e-02 1.152305983886896951e-01
8.615304274442974197e-01 1.046818377022125768e+00 5.258799221274478713e-02
-1.235368640360933190e+00 -2.676883516444306665e-01 1.888250797253431196e-03
8.481004307791496499e-01 4.908772673960392074e-01 9.905936539876335212e-02
-1.266178866558051175e-01 9.557293940352204475e-02 -9.445286787802761874e-02
9.288762016965106394e-01 -8.787716470799122881e-02 9.701991217901981268e-02
-1.195743004442433977e+00 -7.526574624950137515e-01 -1.682316042958580116e-02
7.908166842427393206e-01 -5.942572472462016586e-01 6.772862801282747425e-02
-8.154929666298348367e-01 -1.004793114142935817e+00 4.720730306496712103e-02
-5.889499982081424001e+00 -1.849104563228071374e+00 2.602020309590433178e-02
-4.870010336770647541e+00 -2.458854819029494099e+00 -3.121096066307307501e-02
-4.609964210240028670e+00 -2.152446085604116099e+00 -9.737145511109185358e-02
-4.477043572237232816e+00 -1.980226990700898693e+00 2.072040792571812062e-01
-5.564579742323869205e+00 -1.909039222766899746e+00 3.732379976043526809e-02
-5.481042933873220058e+00 -1.557916550263366950e+00 1.556353238229515601e-01
-1.977977806260261318e+00 -7.207782000716356219e-01 -1.948304483527155129e-01
-3.728376942163122987e+00 -2.124616172635252820e+00 5.021327476468943896e-02
-4.363526950668189741e+00 -1.398939329480138438e+00 -3.815136662297564929e-02
-3.937473180379950755e+00 -6.527273153912998005e-01 -5.160226686551035863e-02
-2.562810157022313629e+00 -2.336342178353320254e+00 -4.828961312565915875e-02
-3.880432500515833105e+00 -1.227644279302923636e+00 -2.989102866039098499e-02
-3.369933343655849622e+00 -2.428842486215395002e+00 -1.797245222488642186e-02
-4.380039967880663632e+00 -2.563377764041717022e+00 -1.271040631850447467e-01
-5.926942585021561349e+00 -2.441328959432412127e+00 3.315343679448097547e-02
-6.199708828993515830e+00 -2.450910360176513869e+00 -9.161607465242279161e-03
-5.361896644479100082e+00 -2.839464591620008527e+00 -1.299450525709713693e-02
-4.037999985870605713e+00 -1.744797771119335872e+00 8.254708154593854786e-04
-4.921380611221478851e+00 -1.596421820016053816e+00 1.171563781078512334e-01
-4.756703648125568229e+00 -1.739040975817711887e+00 -1.443721844686871592e-01
-2.978577894861881514e+00 -1.735504122430662877e+00 1.867919718780676197e-01
-5.019906622861310730e+00 -1.260518742766727485e+00 5.462844062288665231e-02
-6.255188815048673412e+00 -2.252321633081320940e+00 8.063058236542632040e-02
-4.192827521569443050e+00 -1.966693879344107332e+00 -5.159563883246215572e-03
-4.068261579114136772e+00 -1.165312885439079960e+00 8.844166245410409188e-02
-5.198274050450609529e+00 -1.389043584641383777e+00 2.539372157253690920e-01
-5.108792236132843279e+00 -1.593247159091464082e+00 9.270435322029017822e-02
-3.352889409558927447e+00 -1.699641875053899964e+00 -1.573007245961016154e-01
-3.479269658721628744e+00 -9.859916306041640599e-01 -1.561200517576405988e-01
-5.908910579764841131e+00 -2.458306067624260738e+00 -1.976094840940198771e-01
-6.900444224179607566e+00 -3.692372211171193186e+00 -2.203099101113785985e-01
-4.393414250678179478e+00 -8.833248654034462355e-01 4.019965152726659441e-02
-5.892768093200162483e+00 -2.309524992662787657e+00 4.908127986373243129e-02
-3.733814508863561699e+00 -1.910427545896890233e+00 -1.297662648226823590e-01
-5.157397273726633813e+00 -2.401998091925314327e+00 3.646004055897578231e-03
-6.157830129992216683e+00 -3.649901122172210854e+00 5.801738883273364900e-02
-5.178883559644614110e+00 -2.391469642500050785e+00 3.658288149907761022e-02
-4.612896520253272570e+00 -1.604594820508329578e+00 -4.951956533148272471e-02
-5.907104085905769963e+00 -1.524279080438936562e+00 -3.187198121780693838e-01
-2.571969001359295515e+00 -1.303773625329471608e+00 -2.271221377023627079e-03
-5.611716663706227237e+00 -2.575999191450299097e+00 -1.326078476779120885e-01
-2.842207934896005206e+00 -2.176272702729508346e+00 1.534512076161551608e-01
-4.909893469510799413e+00 -7.745639763269115408e-01 1.129928264295028545e-01
-4.809512828747000590e+00 -7.798911369188946292e-03 -1.343352599900577565e-02
-4.361286688241302834e+00 -3.007125421986746705e+00 -2.620777209673056940e-01
-6.357805897810083984e+00 -1.535035185678327974e+00 8.972783230622723150e-02
-2.631011265316549164e+00 -3.522939291274114759e-01 -1.875608280441541931e-01
-4.941456055102097622e+00 -1.995171771668994509e+00 -9.270200488503110500e-03
-6.393219713189260744e+00 -2.758045989051661984e+00 5.570214871272430313e-02
-3.632298180123151088e+00 -1.075811040272373731e+00 6.075025141663517592e-02
-3.133385577403710265e+00 -2.078851488977264683e+00 5.329675544371799412e-02
-4.118303043401055241e+00 -1.460344810614982558e+00 -2.163324498010433389e-02
-5.822948988632461464e+00 -1.036282412159975630e+00 -2.592275875494246679e-02
-7.177848421680254276e+00 -1.474311234506553880e+00 2.247334802120307118e-02
-4.311718816256728815e+00 -1.642673915523253925e+00 6.584790590566542978e-02
-4.586964291951743711e+00 -2.946848256683585188e+00 -1.069359296901900291e-01
-4.080154511927950978e+00 -1.116515795716072290e+00 -1.474861095804136935e-01
-4.775948719712109991e+00 -2.362066013287168698e+00 1.377372375215463740e-01
-2.786096290133836195e+00 -1.884524551226647748e+00 -6.745287651790453191e-03
-4.843795633093942676e+00 -1.259759105548263092e+00 -6.789755607321928954e-02
-4.394930182027250609e+00 -1.814352849593691586e+00 2.166978244531158129e-02
-4.945774511882712332e+00 -2.058972960837511135e+00 -1.305141292002065523e-01
-7.155083515906749625e+00 -3.468221060328280814e+00 2.422466493686372957e-01
-4.762361995075165666e+00 -4.426337196172702160e-01 -1.081444765017451626e-01
-4.606602061495880918e+00 -1.378739305479919519e+00 1.541233421677280953e-02
-5.778072458051860316e+00 -2.118371477913177703e+00 -4.330016245570112582e-02
-3.887506111946443799e+00 -2.040708361525434000e+00 -2.264818235814692118e-02
-4.809908882744248437e+00 -1.907839299774454878e+00 -1.051493289072190085e-01
-5.150504043401275212e+00 -1.566364207850158730e+00 9.755246249715826545e-02
-5.605006648420244986e+00 -1.027835964178010597e+00 5.147938959311313539e-02
-5.869894410056168077e+00 -2.942300072566071401e-01 2.086090527424592500e-01
-5.085410698772750315e+00 -1.566169337496767122e+00 9.550985597811437189e-02
-5.925453352387632044e+00 -3.577682605341862221e+00 1.434693183008776129e-01
-6.077712726810411858e+00 -2.439206834811389779e+00 -5.682859690956261131e-03
-4.670372859069597204e+00 -2.427070652790813021e+00 1.145591420082101436e-01
-3.062072716709699716e+00 -1.107757887406164210e+00 -6.943961501271272985e-02
-5.315392619718950051e+00 -1.502642386014894971e+00 -7.318685549428449733e-02
-5.848049936527250026e+00 -2.371874342083689413e+00 1.713058399774287088e-01
-4.844996645249451284e+00 -2.595417791977420841e+00 -1.327904428890483435e-02
-5.079443284050732643e+00 -9.734146934098082404e-01 -3.578202848022959959e-02
-5.466200463903067686e+00 -1.557433764755957295e+00 -1.427676388367542237e-01
-5.104000931721340173e+00 -3.286466748744479194e+00 -1.323932192985551315e-01
-5.549373699624743139e+00 -1.820495473087998972e+00 6.121117907460092017e-02
-3.696480794479756415e+00 -2.315645676231753658e+00 -1.092225795340704686e-01
-6.587588065540984417e+00 -3.065435696677609734e+00 3.935073161363222133e-02
-3.691360868020798769e+00 -2.216631797620141953e+00 -5.016294353997467065e-02
-6.192453771837680421e+00 -1.323733830735037031e+00 1.626190625860248276e-02
-5.240163039782001597e+00 -2.241958281207538928e+00 -9.252414682532449086e-02
-5.243906264641765347e+00 -6.028837635584880505e-01 -8.564066180731915931e-03
-3.554875574551562778e+00 -1.894098672774087389e+00 -3.652227299190226317e-02
-4.386390242056013022e+00 -1.392187114991388031e+00 6.901177270404917907e-02
-3.581442771365295208e+00 -2.012734797743921611e+00 -3.715953895841783705e-02
-3.217755912709491906e+00 -2.152641339607835658e+00 -2.083895447645462140e-01
-4.274285302266120468e+00 -1.171805750674291380e+00 -4.953986055952132317e-03
-4.785940520321620539e+00 -1.887101658519699576e+00 9.318236751067969503e-02
-5.583549211564268866e+00 -1.138356046494145568e+00 -2.996809989599094962e-02
-4.025559829262753020e+00 -2.513039819773794203e+00 -1.838622974885359418e-02
-3.172105152546732310e+00 -1.108874201706068430e+00 9.522852911178629476e-02
-3.914772805575545078e+00 -1.258730234885430344e+00 2.141264945410768505e-01
-3.565264164283886483e+00 -1.142395084857840359e+00 -1.885215541249673499e-01
-2.403909306951055314e+00 2.305585633081892016e+00 2.825834536299985378e-01
-4.586676219226974105e+00 2.977565241535983898e+00 -4.596773420150164491e-02
-2.478497128288010831e+00 3.168027831110587389e+00 1.011585238081953893e-02
-9.964349798244547252e-01 2.505379323471656594e+00 2.648283705958915379e-01
-7.250173522793545988e-01 2.709469291190504503e+00 -2.976528588142414167e-01
-2.812392303317139408e+00 1.169451653215486608e+00 1.575411365336552572e-01
-8.989122660630227690e-01 2.806749388640529030e+00 4.346709182715340937e-03
-1.522856768775232128e+00 2.802945340147223074e+00 7.830051259299328215e-02
-2.941090587988298033e+00 2.797359397022634031e+00 -1.055034728779168235e-01
-1.109147527989888804e+00 1.793916234897104056e+00 -7.676670254147022199e-02
-1.966227449697249385e+00 3.415783448022327029e+00 -6.630481331183418758e-02
-5.648055524923343285e-01 3.019262362375863873e+00 -1.165608349575072838e-01
-1.417543759100633904e+00 1.912196210281336350e+00 -8.567006462172335746e-02
-2.991448292192294023e+00 2.714908026989382606e+00 -5.212356277203675226e-02
-5.753489063727995623e-01 2.213166012720543474e+00 -9.401778058776245894e-02
-1.813359193861163954e+00 2.482581955763746073e+00 7.195043641245233920e-03
-1.700592408154004476e+00 1.852325863777462445e+00 -4.916633861175238179e-02
-2.770243901885158788e+00 2.509463752525966207e+00 1.030288603650948293e-01
-2.155137644719892442e+00 2.801275335222284557e+00 -2.015627647276342083e-01
-2.945472553880559285e-01 3.622898803964238468e+00 -2.402643259982081558e-01
-1.713502683867499377e+00 2.435118826980707585e+00 -4.679866542394078149e-02
-2.064433108535752293e-01 3.646059071476379643e+00 -3.542058288280490463e-02
-1.598726023491226833e+00 2.170368865673491410e+00 7.566486766359541150e-02
-1.446281001395192112e+00 3.528889775312340493e+00 -2.417592405487962171e-01
-1.393887098363445265e+00 2.524291888404849082e+00 1.419455855029059556e-02
-3.191145171243178064e-02 3.198735416771719464e+00 6.027105500802902235e-03
-2.762583191791683213e+00 1.783362559937469172e+00 8.582350659053598896e-02
-1.751989072637319733e+00 2.020818826062955598e+00 -1.526912029923258550e-02
-2.340454354312414276e-01 2.255896475406499402e+00 1.168038450551744586e-02
3.072442190919502658e-01 3.023337009668373820e+00 -4.451438434267998567e-03
-2.537837099056034162e+00 3.001057226227985097e+00 1.543082093974533775e-01
-3.699579267905458657e+00 1.364704380896581304e+00 -1.248383709634907218e-02
-2.522385920290152184e-01 2.921409986505847822e+00 6.337458496210041092e-02
-1.882941785828189607e+00 2.924237100777097087e+00 2.854309604892019472e-02
-1.457335278347782426e+00 1.836372341661623553e+00 -4.046300049313632241e-02
-1.081310551671739173e+00 3.384793385431917212e+00 -1.537320605618290419e-02
-1.028511409769188312e+00 3.811207591503528835e+00 -8.973178733441332378e-02
-2.096397744031950783e+00 3.570496728248001350e+00 2.761700212669132223e-02
-2.529513300749543170e+00 2.095807279921688249e+00 4.462314660115193621e-02
-3.518714360821650899e+00 1.824815448629045322e+00 1.944845661910866996e-01
-1.540766110567712399e+00 2.848038644571949884e+00 -1.655605768617164908e-01
-1.304285024826297379e+00 2.167833704796944705e+00 1.058606174190410976e-01
-2.511615372941248925e+00 2.521493220126354906e+00 -1.409918885913501174e-01
-2.547527643931833286e+00 2.156427629558981263e+00 1.718293293488279763e-02
-2.221338203274581424e+00 2.708257864463588405e+00 -2.526206445469885223e-02
-3.869672471474953301e+00 1.979296462148689928e+00 1.670394661964290095e-01
-2.422594222465312974e+00 1.455312548894329483e+00 3.735582870884285311e-02
-2.560603603533198491e+00 1.996092236571240131e+00 7.993683723035586997e-02
-2.598101765031611166e+00 1.350131121410552693e+00 3.836698854881751691e-02
-6.025837672800237188e-01 3.021069598695964142e+00 2.799873459567476033e-02
-2.187158896612800607e+00 2.351594688442700587e+00 -1.302066356742724029e-01
-1.982286189953602840e+00 3.384892165283455157e+00 1.654056966910391058e-01
-1.917655912515351169e+00 2.850423661095296879e+00 -1.186339811043334198e-02
-8.390325289357449812e-01 3.292995760052922716e+00 -2.017643092697884166e-01
-9.413831849137091479e-02 3.186669485436068872e+00 -1.874930095031315108e-02
-1.529144331399754142e+00 1.902486352589287888e+00 -9.545434389834293529e-03
-2.044761267432921414e+00 2.838397162373822447e+00 -2.879402113817537082e-03
-1.591729617572573252e+00 1.426975784402623182e+00 -1.687437183044872835e-01
-2.129123614381697394e+00 1.085433272451134412e+00 1.835808963262669791e-01
-1.135247238915937595e+00 1.975253728105142548e+00 -1.784235611207983241e-01
-8.462401300921722491e-01 3.780562694322062711e+00 -2.315230301912555022e-01
-1.769452275983720124e+00 3.634150165786980580e+00 7.178624727987899246e-02
-1.623256311324146273e+00 3.432352348498698635e+00 -2.161927281050902983e-01
-1.044680757295370022e+00 2.565396930800246889e+00 3.869025280032532127e-02
-1.750916409293780562e+00 3.063958290641496163e+00 1.844029381392493228e-01
-2.738067681647992746e+00 2.625015143330288847e+00 4.938235697614602043e-02
-2.322227237699266755e+00 2.493774682709912316e+00 2.118667616329669157e-01
1.123181885688539605e+00 3.054083145325846793e+00 -7.346184711741499118e-02
-1.485720013566093733e+00 3.391696493859984507e+00 8.906386415926878519e-02
-2.881293998520749966e+00 3.531941822011899657e+00 5.829226998882994920e-02
-2.395810847813892863e+00 2.421759757443654681e+00 -1.188647777091988017e-01
-1.060789305996907572e+00 2.918658531715679683e+00 5.633549351563990615e-02
-2.703041566385064876e+00 2.579003123541913745e+00 -7.478195507482446325e-02
-1.825177063912349906e+00 3.646888634298614207e+00 -1.231300210776196669e-01
-2.174260029587881782e+00 2.297952931467986737e+00 3.294575931055160334e-02
-1.051699065856576576e+00 1.539831294739278933e+00 -7.391275628887354621e-02
-1.096103400558351426e+00 3.040692277210451877e+00 5.619859794503901523e-02
-1.584877775901603725e+00 3.207824622533774317e+00 4.365665556666547403e-02
-2.011594060081875579e+00 8.716945526859937177e-01 -1.481243352391267698e-01
-4.218179321593281017e+00 1.989370262454994487e+00 2.308763049049105676e-01
-2.341450331129958151e+00 2.522741419771004523e+00 1.754581381350698577e-01
-1.865041181540859183e+00 2.676375708129582698e+00 1.027210556431430721e-02
-2.144315615924709206e+00 1.699013755114267443e+00 9.649206081735127796e-03
-1.536229774428828465e+00 2.043407011703870069e+00 -3.511610657660098334e-02
-2.775437694757485474e-01 2.593265315321098274e+00 3.705128685798659421e-02
-1.220362790162051514e+00 2.412297794013019470e+00 -8.217891594528806132e-02
-8.248995704950102814e-01 3.120630942631148930e+00 -6.749089860806232501e-03
-1.837324065962621100e+00 2.580644465485308459e+00 -9.785568295719219642e-03
-2.110397110870462001e+00 1.923812227016211240e+00 -2.237006636698104720e-02
-1.528608465530284288e+00 3.059851860878290086e+00 -2.096740389409285088e-01
-1.632410545149720615e+00 2.682331074635500467e+00 6.149112976892746885e-02
-8.651210712247322521e-01 2.926013679885407726e+00 1.606755776407228498e-01
4.804556649044411376e-01 3.807243973122917957e+00 -2.987002700914223943e-02
-1.000724139096581311e+00 2.716489223069395553e+00 4.107060559078688777e-03
-1.737317227739602732e+00 2.116966306377233042e+00 5.055984791596511430e-02
-1.553526574260516435e+00 2.028922986401246575e+00 9.484515526367234828e-02
-1.482221246367578127e+00 3.211684411277814899e+00 9.609497135819801417e-02
-2.276951735427567680e+00 2.717584315618655211e+00 7.373434485489750723e-02
-2.405035243021695024e+00 2.782958185579080812e+00 1.284271020163835209e-01
-6.060574777801169821e-01 3.133176292308020638e+00 1.285871405005476475e-01
