6.826338162737029869e+00 8.235822776202528228e-01
7.066125449965248606e+00 1.188030159394149604e-01
7.464707549626639960e+00 1.158657682714913761e+00
6.238999150567758889e+00 1.052848628347233584e+00
5.079076163864253424e+00 7.589646120497582915e-01
5.862314619813933092e+00 9.997900733388124239e-01
6.782401216228158169e+00 1.287580999571491081e+00
5.813464887050357355e+00 1.469663184076700713e+00
7.057909243703469393e+00 -9.000364802076997739e-01
6.311267975469059266e+00 1.881206448828754763e+00
6.152944814318622946e+00 2.686832515704974389e-01
5.960953630086296862e+00 1.540082038455648394e+00
7.459670295543051388e+00 6.202917622400863640e-02
6.829067985357890613e+00 1.023356709793343144e+00
8.017930707872823248e+00 3.543011880031982641e-01
6.576793197766752641e+00 6.538758750041994139e-01
7.231358969252688063e+00 6.317529917735095202e-01
6.767503049493292622e+00 1.719659617045508210e-02
6.976713599405794497e+00 7.309812255434720019e-01
6.566862683942364498e+00 8.447748285570676474e-01
6.155811827534590108e+00 5.977183028594247327e-01
6.389673661242476044e+00 3.714970865655391474e-01
7.103197706442681003e+00 5.951453613541869414e-01
6.016743797661589177e+00 -3.790461322910602671e-01
5.121773881416488372e+00 1.490247090097803095e+00
6.984712541300161170e+00 7.717150093088932516e-01
5.777396158863256304e+00 1.062685168374986278e+00
6.983860475485584196e+00 5.690267554943225781e-01
7.597963702742506875e+00 3.342464324073572968e-01
8.290727030210659265e+00 5.374302588120236646e-01
7.519327221751660240e+00 7.048667446631867728e-01
7.185475866592296867e+00 8.115232040651613188e-01
7.008978624965909177e+00 4.859471201157787301e-01
6.539919422160465068e+00 4.195831146549429125e-01
7.267102016409578091e+00 5.607759933544890218e-01
8.513128848758814371e+00 -7.010365666614674918e-02
7.964275033684815597e+00 5.316952278743578564e-01
7.263685025420065777e+00 1.281147785516220550e+00
6.129985801826498104e+00 1.003619735203964414e+00
6.036969499861618793e+00 2.757256102698813494e-01
7.202136642666385313e+00 4.853849976956890466e-01
8.220441663180649172e+00 8.611761982158157025e-01
7.452735120231843702e+00 -3.557214349282653565e-01
6.479223802994948933e+00 7.367982884552310985e-01
6.505922181351039058e+00 1.890903584123884151e+00
6.183568718218816151e+00 1.673259439346047817e+00
9.261627172460249469e+00 8.721101742939657564e-02
6.009353009852261174e+00 1.537147567870855713e-01
4.284547976432562244e+00 1.130327352549332032e+00
7.200292005986507426e+00 1.211204699074109215e+00
6.848735741839854896e+00 7.619859001318530778e-01
6.153413617904806010e+00 6.868690315671550639e-01
7.634410991833398441e+00 3.581763976369810587e-01
7.165130613969266093e+00 1.319362005659599379e+00
5.725346693341622384e+00 5.085515382695764419e-01
6.272116878134551321e+00 9.741136019934306667e-01
7.121445470924650856e+00 -2.089492707951625949e-01
6.743129400985416133e+00 1.189770377002081991e+00
7.087675540920781891e+00 1.626363628183039811e+00
6.440828808345058221e+00 1.720968345787483367e+00
5.585683429898137042e+00 6.183193716804926687e-01
5.368272349507493324e+00 1.370321572756285189e+00
6.275401324350882604e+00 1.703755925712949537e+00
5.892321472867455334e+00 -1.620949968033562338e-01
5.246035526122571291e+00 1.840552881429378784e+00
6.037503717702127126e+00 1.088671262032319786e+00
7.938792267761510146e+00 4.237003452265060699e-01
5.870060927053815547e+00 8.405324642149638592e-01
6.491128524023568325e+00 7.947517730863397079e-01
6.278603277674859484e+00 1.932559081722660110e-01
5.330728356836682558e+00 1.792718359664610350e+00
6.084651489646896394e+00 1.338404985302150241e+00
7.232274431296845663e+00 4.740500040112001490e-02
6.893139666041417257e+00 5.061126880584378984e-01
6.822329155954474089e+00 1.156780835905432681e-01
7.230068878483097983e+00 5.762474533191035420e-01
7.024186270863044257e+00 5.734473942717377426e-01
8.164627308444249110e+00 3.052861305370157541e-01
7.514828437056689125e+00 1.259520815728470300e+00
8.508611527233480132e+00 1.433120558939824374e+00
7.238187214037409944e+00 1.764692277655605102e-01
6.063688999771541077e+00 1.402974885864936239e+00
5.136555019896404950e+00 6.234958771751992757e-01
7.509807011927198239e+00 -4.159176903846586448e-01
6.962700162936043213e+00 6.138701014660519206e-01
7.732490404740160805e+00 5.607031004765035131e-01
6.524619156344151349e+00 1.082140380770593824e+00
5.640026581077399292e+00 2.207702898304838346e+00
6.200914688439533862e+00 1.302068353551763868e+00
5.577950643755966276e+00 5.227938165209959909e-01
7.428867608016000545e+00 -2.368317353629353361e-01
7.345396944455836241e+00 4.404559753087697316e-02
7.887756174463224745e+00 1.523429640677870511e-01
6.170594736816125803e+00 2.065615978138570341e+00
5.682001307502471121e+00 5.083995346205144594e-01
7.716321240476864851e+00 1.215633579709276768e+00
6.366332613747364810e+00 1.376048812873354343e+00
6.684162684659733955e+00 1.128025031980614656e+00
8.559352385912514904e+00 -3.646750010730942515e-02
7.298525799399133263e+00 9.653781411800760326e-01
-8.306162584557721384e-01 -5.463540577606783993e-02
2.897579006339084384e-01 -7.443022210778985071e-02
-9.416899552554282016e-01 -1.008135897886708321e-01
5.938253275623354976e-02 5.337205242426972251e-01
-3.035386025696149015e-01 -4.519669223427780769e-01
6.027696032341712806e-01 -1.071017862915834840e-01
-1.458236247849233003e+00 3.697729867097724887e-01
-6.784229497225219285e-01 2.790927890742552209e-01
-8.025542556939914141e-01 1.208681864968071284e+00
8.414085870516946342e-01 -4.262819197507455860e-02
-6.788179855806498741e-01 -3.710293143362835000e-01
-3.610017187683917106e-01 -7.189729101244185516e-01
5.958796222773905527e-01 -1.996761628685609358e-01
-8.714347599481424567e-01 -1.243832851144771601e-01
1.456282634463991643e+00 -1.154303045717348875e+00
-1.148509381237920568e+00 -2.925733190700756658e-01
1.773333491189951205e+00 -1.765272974212073465e-01
-6.362483139545472843e-01 -1.159915352582907566e-01
-4.389137943200788899e-02 -3.443066112875646234e-01
-1.298518727130346662e+00 1.113407654936078739e+00
2.264064653871923280e-03 -2.096201574123030265e-01
1.864858883430412784e-01 -2.876499330302660917e-01
-2.373135041324681560e-01 -1.034581770395289313e+00
-8.094887709091720396e-01 -3.301333629169402317e-01
1.212520854714297797e-01 -2.614246996435251602e-01
5.666548151077017703e-01 4.674064570683209574e-01
1.222074082928066963e+00 1.694686519869407215e-01
-1.277845547640022783e+00 1.969723268381571440e-02
-2.072974216917446988e+00 8.722701102667825834e-01
-1.557396354629767110e+00 5.264265570483768197e-01
2.580650840488299923e-03 5.165032087728193000e-01
3.175942825050623308e-01 7.125124226780351622e-01
-1.014543375211612641e+00 -9.925115384545645236e-01
-4.858140350624223780e-01 -2.870436049361242969e-01
-5.898885158249015381e-01 -7.933442322699379989e-01
-2.052499039287061233e+00 9.473092170605220685e-01
-1.058560709870960181e+00 -1.996146644018768068e-01
-2.819476564225250392e+00 2.438486860904339956e-02
6.191479496254020942e-01 -1.857678941707411602e-01
1.841475236111960734e-01 -2.693476149258839936e-01
2.031552774265212413e+00 -8.479794741175653572e-01
8.249591372200586470e-01 -5.834033125663831143e-01
3.719687395137537267e-02 -5.363093843926324267e-01
4.667877279246592237e-01 -1.125181749616862847e-01
-2.023377840196202371e+00 -5.630339800880617140e-01
-1.461372292844257181e+00 9.361850258994451612e-02
4.275150540584240488e-01 -5.029313167490886416e-01
3.228006813948685605e-01 2.443788508916447735e-02
1.624340066786301051e+00 -9.865797536014987434e-01
-2.763027648061281982e-01 7.542071001019152732e-01
-1.334345263236942580e+00 -3.533882997256274083e-01
-5.452017332921289539e-01 5.522530412840270797e-01
-1.670290782971013965e-01 -1.277085352608044344e+00
2.066146258908781730e-01 8.282471953916155094e-01
-1.154086451824967163e+00 -3.044642872147053647e-01
-7.977750453282764775e-01 3.037603991439215556e-01
3.026968134989223014e-01 -2.335118242485615184e-02
-1.033963040966008329e-01 -9.636096911752350946e-01
-6.348477460047747822e-01 6.810504236138652245e-02
9.989275428561634751e-01 4.830732772128161212e-01
-1.286506212923401726e+00 1.842965714464336324e+00
1.183517973858397854e-01 -2.777400272650593638e-01
-1.158670518534469923e-01 -3.736417239399233980e-01
2.159580770672908656e-01 -9.192097885499783683e-02
9.869026411451338188e-01 3.417147426739459287e-02
-1.937226068259264800e+00 4.074712796170354978e-01
-1.717517166614312085e+00 2.661059441462922392e-01
-1.211572440524817607e+00 -1.465762794290862148e-01
-2.135034009131898391e-01 8.167246512722228236e-01
-5.120046211395863356e-01 -1.675471882949958746e-01
-9.831810303861461264e-01 1.181546981440497968e+00
-6.396825929963891877e-01 3.296274537941618621e-01
-6.304040540431202766e-01 -1.084801261914988935e+00
1.049508438105209440e-02 -2.967829353531298286e-01
1.848597619541316739e-01 9.519515666428796097e-01
3.658300237215238448e-01 3.169685593047077976e-01
-1.055576265395513635e+00 2.054169292501599187e-01
-1.029379757631391501e-01 2.349726916500640417e-01
4.701713893632534363e-02 -2.803237654921501565e-01
-3.137467526848723431e-01 2.320779733799357980e-01
-6.462230799608734699e-01 1.664858147950917910e+00
-1.122778512331253253e+00 6.138885593628925497e-01
-1.293382075777457896e+00 3.778959562092265023e-01
-2.585068610389496424e+00 4.765890272920846882e-01
-1.966128891123031519e-01 9.418837460997520061e-01
-1.805868528435601583e-01 1.669018470657400999e-01
-8.386502023562423247e-01 -1.493337920419274267e+00
1.011378843213251555e+00 -2.231117017435462480e-01
-7.485044249457284415e-01 5.998948126825557475e-02
8.258974065583637447e-01 -5.726969358724166848e-02
-3.287347526973661838e-01 -2.528623227292961517e-01
-1.422906607251796851e+00 4.303484650701436265e-02
8.615304274442974197e-01 -1.046818377022125768e+00
-1.235368640360933190e+00 2.676883516444306110e-01
8.481004307791496499e-01 -4.908772673960391519e-01
-1.266178866558051175e-01 -9.557293940352204475e-02
9.288762016965106394e-01 8.787716470799125656e-02
-1.195743004442433977e+00 7.526574624950137515e-01
7.908166842427393206e-01 5.942572472462016586e-01
-8.154929666298348367e-01 1.004793114142935817e+00
-5.889499982081424001e+00 1.849104563228071152e+00
-4.870010336770647541e+00 2.458854819029494099e+00
-4.609964210240028670e+00 2.152446085604116099e+00
-4.477043572237232816e+00 1.980226990700898471e+00
-5.564579742323869205e+00 1.909039222766899524e+00
-5.481042933873220058e+00 1.557916550263366728e+00
-1.977977806260261318e+00 7.207782000716355109e-01
-3.728376942163122987e+00 2.124616172635252820e+00
-4.363526950668189741e+00 1.398939329480138216e+00
-3.937473180379950755e+00 6.527273153912996895e-01
-2.562810157022313629e+00 2.336342178353320254e+00
-3.880432500515833105e+00 1.227644279302923414e+00
-3.369933343655849622e+00 2.428842486215395002e+00
-4.380039967880663632e+00 2.563377764041717022e+00
-5.926942585021561349e+00 2.441328959432412127e+00
-6.199708828993515830e+00 2.450910360176513425e+00
-5.361896644479100082e+00 2.839464591620008527e+00
-4.037999985870605713e+00 1.744797771119335650e+00
-4.921380611221478851e+00 1.596421820016053594e+00
-4.756703648125568229e+00 1.739040975817711665e+00
-2.978577894861881514e+00 1.735504122430662877e+00
-5.019906622861310730e+00 1.260518742766727263e+00
-6.255188815048673412e+00 2.252321633081320496e+00
-4.192827521569443050e+00 1.966693879344107110e+00
-4.068261579114136772e+00 1.165312885439079738e+00
-5.198274050450609529e+00 1.389043584641383555e+00
-5.108792236132843279e+00 1.593247159091463860e+00
-3.352889409558927447e+00 1.699641875053899742e+00
-3.479269658721628744e+00 9.859916306041639489e-01
-5.908910579764841131e+00 2.458306067624260738e+00
-6.900444224179607566e+00 3.692372211171192742e+00
-4.393414250678179478e+00 8.833248654034461245e-01
-5.892768093200162483e+00 2.309524992662787657e+00
-3.733814508863561699e+00 1.910427545896890011e+00
-5.157397273726633813e+00 2.401998091925314327e+00
-6.157830129992216683e+00 3.649901122172210410e+00
-5.178883559644614110e+00 2.391469642500050785e+00
-4.612896520253272570e+00 1.604594820508329356e+00
-5.907104085905769963e+00 1.524279080438936340e+00
-2.571969001359295515e+00 1.303773625329471608e+00
-5.611716663706227237e+00 2.575999191450299097e+00
-2.842207934896005206e+00 2.176272702729508346e+00
-4.909893469510799413e+00 7.745639763269113187e-01
-4.809512828747000590e+00 7.798911369188771953e-03
-4.361286688241302834e+00 3.007125421986746705e+00
-6.357805897810083984e+00 1.535035185678327752e+00
-2.631011265316549164e+00 3.522939291274113649e-01
-4.941456055102097622e+00 1.995171771668994287e+00
-6.393219713189260744e+00 2.758045989051661540e+00
-3.632298180123151088e+00 1.075811040272373509e+00
-3.133385577403710265e+00 2.078851488977264683e+00
-4.118303043401055241e+00 1.460344810614982336e+00
-5.822948988632461464e+00 1.036282412159975408e+00
-7.177848421680254276e+00 1.474311234506553658e+00
-4.311718816256728815e+00 1.642673915523253703e+00
-4.586964291951743711e+00 2.946848256683585188e+00
-4.080154511927950978e+00 1.116515795716072068e+00
-4.775948719712109991e+00 2.362066013287168698e+00
-2.786096290133836195e+00 1.884524551226647748e+00
-4.843795633093942676e+00 1.259759105548262870e+00
-4.394930182027250609e+00 1.814352849593691364e+00
-4.945774511882712332e+00 2.058972960837511135e+00
-7.155083515906749625e+00 3.468221060328280370e+00
-4.762361995075165666e+00 4.426337196172700494e-01
-4.606602061495880918e+00 1.378739305479919297e+00
-5.778072458051860316e+00 2.118371477913177703e+00
-3.887506111946443799e+00 2.040708361525434000e+00
-4.809908882744248437e+00 1.907839299774454656e+00
-5.150504043401275212e+00 1.566364207850158508e+00
-5.605006648420244986e+00 1.027835964178010375e+00
-5.869894410056168077e+00 2.942300072566069180e-01
-5.085410698772750315e+00 1.566169337496766900e+00
-5.925453352387632044e+00 3.577682605341862221e+00
-6.077712726810411858e+00 2.439206834811389779e+00
-4.670372859069597204e+00 2.427070652790813021e+00
-3.062072716709699716e+00 1.107757887406163988e+00
-5.315392619718950051e+00 1.502642386014894749e+00
-5.848049936527250026e+00 2.371874342083689413e+00
-4.844996645249451284e+00 2.595417791977420841e+00
-5.079443284050732643e+00 9.734146934098080184e-01
-5.466200463903067686e+00 1.557433764755957073e+00
-5.104000931721340173e+00 3.286466748744479194e+00
-5.549373699624743139e+00 1.820495473087998750e+00
-3.696480794479756415e+00 2.315645676231753658e+00
-6.587588065540984417e+00 3.065435696677609290e+00
-3.691360868020798769e+00 2.216631797620141953e+00
-6.192453771837680421e+00 1.323733830735036809e+00
-5.240163039782001597e+00 2.241958281207538928e+00
-5.243906264641765347e+00 6.028837635584878285e-01
-3.554875574551562778e+00 1.894098672774087166e+00
-4.386390242056013022e+00 1.392187114991387809e+00
-3.581442771365295208e+00 2.012734797743921611e+00
-3.217755912709491906e+00 2.152641339607835658e+00
-4.274285302266120468e+00 1.171805750674291158e+00
-4.785940520321620539e+00 1.887101658519699354e+00
-5.583549211564268866e+00 1.138356046494145346e+00
-4.025559829262753020e+00 2.513039819773794203e+00
-3.172105152546732310e+00 1.108874201706068208e+00
-3.914772805575545078e+00 1.258730234885430121e+00
-3.565264164283886483e+00 1.142395084857840137e+00
-2.403909306951055314e+00 -2.305585633081892016e+00
-4.586676219226974105e+00 -2.977565241535983898e+00
-2.478497128288010831e+00 -3.168027831110587389e+00
-9.964349798244547252e-01 -2.505379323471656594e+00
-7.250173522793545988e-01 -2.709469291190504503e+00
-2.812392303317139408e+00 -1.169451653215486608e+00
-8.989122660630227690e-01 -2.806749388640529030e+00
-1.522856768775232128e+00 -2.802945340147223074e+00
-2.941090587988298033e+00 -2.797359397022634031e+00
-1.109147527989888804e+00 -1.793916234897104056e+00
-1.966227449697249385e+00 -3.415783448022327029e+00
-5.648055524923343285e-01 -3.019262362375863873e+00
-1.417543759100633904e+00 -1.912196210281336350e+00
-2.991448292192294023e+00 -2.714908026989382606e+00
-5.753489063727995623e-01 -2.213166012720543474e+00
-1.813359193861163954e+00 -2.482581955763746073e+00
-1.700592408154004476e+00 -1.852325863777462445e+00
-2.770243901885158788e+00 -2.509463752525966207e+00
-2.155137644719892442e+00 -2.801275335222284557e+00
-2.945472553880559285e-01 -3.622898803964238468e+00
-1.713502683867499377e+00 -2.435118826980707585e+00
-2.064433108535752293e-01 -3.646059071476379643e+00
-1.598726023491226833e+00 -2.170368865673491410e+00
-1.446281001395192112e+00 -3.528889775312340493e+00
-1.393887098363445265e+00 -2.524291888404849082e+00
-3.191145171243178064e-02 -3.198735416771719464e+00
-2.762583191791683213e+00 -1.783362559937469172e+00
-1.751989072637319733e+00 -2.020818826062955598e+00
-2.340454354312414276e-01 -2.255896475406499402e+00
3.072442190919502658e-01 -3.023337009668373820e+00
-2.537837099056034162e+00 -3.001057226227985097e+00
-3.699579267905458657e+00 -1.364704380896581526e+00
-2.522385920290152184e-01 -2.921409986505847822e+00
-1.882941785828189607e+00 -2.924237100777097087e+00
-1.457335278347782426e+00 -1.836372341661623553e+00
-1.081310551671739173e+00 -3.384793385431917212e+00
-1.028511409769188312e+00 -3.811207591503528835e+00
-2.096397744031950783e+00 -3.570496728248001350e+00
-2.529513300749543170e+00 -2.095807279921688249e+00
-3.518714360821650899e+00 -1.824815448629045544e+00
-1.540766110567712399e+00 -2.848038644571949884e+00
-1.304285024826297379e+00 -2.167833704796944705e+00
-2.511615372941248925e+00 -2.521493220126354906e+00
-2.547527643931833286e+00 -2.156427629558981263e+00
-2.221338203274581424e+00 -2.708257864463588405e+00
-3.869672471474953301e+00 -1.979296462148690150e+00
-2.422594222465312974e+00 -1.455312548894329483e+00
-2.560603603533198491e+00 -1.996092236571240131e+00
-2.598101765031611166e+00 -1.350131121410552693e+00
-6.025837672800237188e-01 -3.021069598695964142e+00
-2.187158896612800607e+00 -2.351594688442700587e+00
-1.982286189953602840e+00 -3.384892165283455157e+00
-1.917655912515351169e+00 -2.850423661095296879e+00
-8.390325289357449812e-01 -3.292995760052922716e+00
-9.413831849137091479e-02 -3.186669485436068872e+00
-1.529144331399754142e+00 -1.902486352589287888e+00
-2.044761267432921414e+00 -2.838397162373822447e+00
-1.591729617572573252e+00 -1.426975784402623182e+00
-2.129123614381697394e+00 -1.085433272451134412e+00
-1.135247238915937595e+00 -1.975253728105142548e+00
-8.462401300921722491e-01 -3.780562694322062711e+00
-1.769452275983720124e+00 -3.634150165786980580e+00
-1.623256311324146273e+00 -3.432352348498698635e+00
-1.044680757295370022e+00 -2.565396930800246889e+00
-1.750916409293780562e+00 -3.063958290641496163e+00
-2.738067681647992746e+00 -2.625015143330288847e+00
-2.322227237699266755e+00 -2.493774682709912316e+00
1.123181885688539605e+00 -3.054083145325846793e+00
-1.485720013566093733e+00 -3.391696493859984507e+00
-2.881293998520749966e+00 -3.531941822011899657e+00
-2.395810847813892863e+00 -2.421759757443654681e+00
-1.060789305996907572e+00 -2.918658531715679683e+00
-2.703041566385064876e+00 -2.579003123541913745e+00
-1.825177063912349906e+00 -3.646888634298614207e+00
-2.174260029587881782e+00 -2.297952931467986737e+00
-1.051699065856576576e+00 -1.539831294739278933e+00
-1.096103400558351426e+00 -3.040692277210451877e+00
-1.584877775901603725e+00 -3.207824622533774317e+00
-2.011594060081875579e+00 -8.716945526859938287e-01
-4.218179321593281017e+00 -1.989370262454994709e+00
-2.341450331129958151e+00 -2.522741419771004523e+00
-1.865041181540859183e+00 -2.676375708129582698e+00
-2.144315615924709206e+00 -1.699013755114267443e+00
-1.536229774428828465e+00 -2.043407011703870069e+00
-2.775437694757485474e-01 -2.593265315321098274e+00
-1.220362790162051514e+00 -2.412297794013019470e+00
-8.248995704950102814e-01 -3.120630942631148930e+00
-1.837324065962621100e+00 -2.580644465485308459e+00
-2.110397110870462001e+00 -1.923812227016211240e+00
-1.528608465530284288e+00 -3.059851860878290086e+00
-1.632410545149720615e+00 -2.682331074635500467e+00
-8.651210712247322521e-01 -2.926013679885407726e+00
4.804556649044411376e-01 -3.807243973122917957e+00
-1.000724139096581311e+00 -2.716489223069395553e+00
-1.737317227739602732e+00 -2.116966306377233042e+00
-1.553526574260516435e+00 -2.028922986401246575e+00
-1.482221246367578127e+00 -3.211684411277814899e+00
-2.276951735427567680e+00 -2.717584315618655211e+00
-2.405035243021695024e+00 -2.782958185579080812e+00
-6.060574777801169821e-01 -3.133176292308020638e+00
