x y
0.938171  -0.728001
3.456768  1.459053
3.782242  3.569815
4.705496  5.504431
1.550585  -1.015832
0.381011  -2.279852
3.001620  2.003084
4.009829  4.738170
2.170027  -1.030835
1.194678  -2.364214
3.536614  2.167030
-0.878673  1.413353
2.469308  0.879529
4.796895  6.145341
2.238263  -0.278592
0.966944  -0.487182
4.996481  7.039074
1.740739  -0.108191
2.854064  0.982024
1.604598  -2.059270
2.268679  0.012668
3.486150  1.619702
1.355031  -1.957073
-0.298756  0.049456
4.410564  5.714207
1.685350  -0.064747
0.470563  -1.178019
2.171844  0.307115
-0.552600  0.059041
1.770504  -1.309782
2.938723  0.198563
1.237698  -0.527193
3.535851  3.231617
4.217227  4.456544
3.906516  4.375863
0.675107  -1.007059
2.790929  0.412636
-0.355991  0.284753
2.373829  0.185309
1.852095  -1.046373
0.143580  -0.659719
3.404819  2.073215
1.208456  -0.922086
1.933480  -0.617114
3.838804  3.793229
4.807172  7.137493
-0.969793  1.189947
3.962212  3.838358
3.619328  3.078695
0.540447  -1.970131
3.996691  4.524712
4.799740  5.846743
-0.331953  -1.575156
-0.792493  -0.518010
-0.325511  -0.625325
4.844770  7.850202
4.624644  6.849616
0.489040  -0.412503
1.983730  -1.111516
1.931536  -0.301521
1.344066  -1.789246
4.803194  7.288697
-0.595682  0.181184
1.511494  -0.710672
-0.061227  -1.407048
1.214169  -1.636072
4.927399  7.253798
-0.401550  -1.040664
4.178374  4.497989
-0.327696  -0.707211
1.259461  -1.996870
0.580962  -1.635671
0.275035  -0.532677
0.061453  -2.029506
4.077917  4.697412
-0.667608  -0.740645
1.247497  -2.306975
4.518711  5.847181
2.607825  0.572365
0.565936  -1.899324
-0.699401  -0.393196
2.146064  0.007513
-0.910914  0.320945
-0.259558  -1.695334
0.499888  -0.370129
-0.375047  -0.876956
1.229829  -0.642868
3.066569  1.566173
4.287165  3.793412
2.078966  0.358511
-0.948808  0.511987
-0.901249  -0.275782
0.843050  -0.446481
-0.573406  -0.524173
-0.388674  -0.527457
-0.242530  -1.045128
1.994397  0.089244
2.417750  -0.601816
4.361328  5.192589
3.431150  1.645718
3.144341  0.672513
4.266205  4.421524
0.409365  -1.936516
1.702466  -0.317472
-0.152353  -1.685625
3.368611  2.054008
1.803053  -1.773943
0.598959  -2.265614
2.706865  -0.212750
2.279821  -0.636943
3.376679  1.286194
1.876488  -1.359058
2.979858  1.198324
-0.806929  0.175052
0.173341  -1.759214
-0.561703  0.344345
3.321615  2.191504
4.918416  6.603033
1.188582  -1.181208
4.445189  4.337477
0.142868  -0.798548
3.933889  4.389995
-0.941233  0.688153
0.501238  -1.095250
3.083147  1.405429
2.497366  0.448981
1.763346  -1.070244
1.152239  -2.300599
3.455411  1.976659
3.062655  0.186193
3.821145  2.565927
4.890818  7.280510
-0.863469  0.929295
-0.839706  0.939205
4.444975  6.234697
3.478294  2.837741
3.336484  1.918878
4.041824  4.643957
1.903741  -1.713210
0.299804  -0.438126
3.757349  3.733161
4.826579  6.143381
-0.882835  0.138053
2.042373  -0.285651
2.114169  0.099299
4.064107  4.478959
-0.340809  -1.264924
2.497494  -0.505989
0.865520  -1.628346
2.239702  0.076793
3.636638  2.285140
-0.504924  0.009045
2.769012  0.486245
1.533247  -1.579080
3.780041  2.290946
3.190836  1.891028
3.163366  1.659740
0.681950  -0.933964
2.823937  0.101646
2.099275  -0.113050
0.840407  -1.418339
3.750648  3.937996
3.148198  1.595119
0.423037  -1.819992
0.881932  -2.422485
3.340541  1.180764
1.565455  -0.816472
3.830025  3.530878
4.214207  3.841734
2.812623  0.812739
0.285263  -1.579462
2.831011  0.684610
1.731024  -1.836152
4.913127  6.839747
1.112013  -0.569352
4.174860  4.212705
2.269970  -0.042611
1.840988  -0.834100
1.688294  -0.338040
4.433215  5.475965
1.362604  -1.543339
-0.989954  0.372891
-0.461053  -0.909457
1.784689  -0.189869
4.125156  4.749432
1.994156  -1.534035
0.814733  -0.854435
2.905093  0.682345
3.178608  1.956569
2.437758  0.372648
2.270159  -0.356647
0.863775  -0.908454
4.359667  5.769358
3.020822  1.228890
4.727316  6.270821
2.578032  -0.070315
-0.705672  -0.165323
0.183007  -1.842106
3.927961  3.098444
4.514168  6.342295
3.352762  0.900063
4.082570  3.231549
1.714207  -0.583835
-0.266170  -0.528890
3.692760  3.345559
3.486965  2.879228
1.918228  -1.451144
3.978124  3.996020
4.278092  3.760768
1.382962  -1.816046
4.095691  4.487844
1.944774  -1.695858
1.455697  -0.537832
0.442581  -0.729998
-0.411861  -1.267745
4.631331  6.624857
-0.925288  1.026926
3.840214  2.716524
1.858141  -0.234258
0.754789  -1.897368
1.810343  -1.546876
4.252119  4.056233
0.347750  -2.194585
1.200387  -1.555212
-0.323343  -0.270688
0.385399  -1.220352
0.880450  -0.482868
-0.058507  -0.276391
1.611005  -1.025594
1.420345  -0.466595
0.633038  -1.991110
0.460016  -0.478515
-0.227036  -0.730985
0.850802  -2.139475
4.451283  4.555018
2.921008  -0.081290
1.779840  -1.439773
3.227267  0.965374
1.230509  -1.249297
3.213963  1.916437
4.941469  8.057228
-0.063301  -1.198243
0.459593  -1.325441
1.776176  -1.419766
0.331635  -1.187217
3.807213  4.025585
-0.338947  0.218453
-0.091744  -0.173395
3.646981  2.295814
-0.992451  0.979864
1.868961  -0.846471
4.262900  4.648274
0.395003  -1.301413
4.298301  5.448283
4.926684  7.711535
4.096442  4.202986
0.900008  -1.353208
4.592951  5.782855
-0.970428  0.439089
-0.929302  1.060506
0.965337  -1.777670
-0.723896  0.778979
4.465962  4.514320
-0.730765  0.159356
1.063400  -2.122976
3.218003  0.939018
1.944467  -1.463957
2.460181  0.200262
3.707959  2.945345
0.782643  -1.985070
0.183815  -1.851043
-0.647269  -0.243488
-0.466576  -0.031800
4.539590  5.893736
4.369325  5.865589
-0.437142  0.359572
1.108795  -1.740689
2.614234  0.483137
1.639005  -0.989310
3.632185  2.311136
2.688157  0.182629
1.546136  -2.143990
3.877819  3.937537
1.520261  -1.162692
1.794224  -0.957825
3.504815  2.112378
4.887837  6.616052
1.512973  -1.314174
3.658095  3.532450
0.252130  -1.154850
3.110646  0.839642
2.913246  0.357476
4.034600  4.823667
0.594513  -1.957223
-0.326859  -0.186612
1.236676  -0.903513
1.642651  -0.541594
1.141154  -1.423768
-0.649241  -0.017984
-0.981540  0.138434
2.659197  -0.388940
4.582640  5.536242
4.094693  3.697757
2.615988  0.745582
3.354149  1.204757
2.343627  -0.663551
0.869664  -2.266656
-0.208804  0.152430
-0.715325  0.237441
3.020363  1.960831
2.617911  -0.406282
1.025194  -0.742156
0.090420  -1.123133
1.235789  -0.665795
-0.653123  0.529435
1.100431  -2.285276
3.041771  1.416001
0.391142  -1.771473
4.164169  4.461602
1.775546  -1.044827
2.558335  -0.317444
4.567599  6.618827
3.690011  3.244060
-0.213323  -0.521402
1.919651  -1.011904
4.342395  4.994747
1.902145  -0.680948
0.332473  -1.796179
2.417960  0.838156
2.565210  -0.082291
2.352069  0.072608
3.789576  2.161510
4.251232  3.620519
4.621013  6.024335
0.927124  -2.012587
1.489703  -1.953466
0.902106  -1.560426
-0.585742  -0.446036
4.985539  7.661130
2.447578  -0.027427
3.212183  1.779531
3.359611  2.508973
2.859501  0.294769
2.898043  1.393369
3.706877  2.085943
0.840953  -1.335809
2.549218  -0.594932
2.494587  -0.996504
2.630306  0.123763
1.391046  -0.920799
2.482739  -0.704480
4.227294  4.858963
1.307737  -0.571591
0.797002  -0.873849
1.639092  -1.443099
3.238020  0.735441
3.706643  3.672050
1.198496  -1.921380
3.660100  2.361213
0.303370  -1.209626
3.895128  3.459861
2.604183  -0.175603
-0.632343  -0.710049
0.354930  -0.757652
-0.742719  0.035429
0.034611  -1.786327
1.561064  -2.143165
1.632734  -1.697964
0.972109  -0.639287
-0.263493  -0.397940
0.448735  -1.177506
0.350210  -1.974393
0.832110  -0.709530
3.623882  3.290958
0.689899  -1.959828
2.074840  -1.361165
4.278489  4.917093
4.119314  4.482325
-0.891754  0.151527
-0.507032  0.675651
1.893691  -1.297225
1.512817  -1.105676
1.071525  -2.041672
4.353357  5.044310
3.749263  2.993582
4.463750  4.556698
2.061667  -1.236894
3.957506  2.632014
-0.820862  0.047832
0.898791  -0.763204
-0.509738  0.274812
1.972580  0.199699
0.132985  -0.157543
1.132910  -0.551112
-0.363274  -0.344501
2.155784  -1.370332
-0.622437  -0.685576
-0.951208  1.592419
-0.340305  -0.718595
1.509390  -1.626292
-0.491305  0.254086
-0.987381  1.177445
2.935187  0.103522
-0.397035  0.309192
0.765414  -1.540555
3.565114  2.059934
3.553048  2.615121
-0.426280  0.499869
1.105205  -1.504433
2.946953  0.291633
3.787685  3.406717
0.389162  -2.293940
2.338873  0.556331
2.085525  -1.025344
0.036767  -0.995092
4.169397  3.801579
1.231438  -1.827887
-0.490709  -0.255180
-0.287826  -0.337719
3.712507  1.907020
2.494122  -0.369132
3.861824  2.680968
4.398580  5.287010
4.398796  4.436119
4.855563  7.568707
4.821580  5.853650
1.956557  -1.586800
3.497371  2.801120
1.466936  -1.610593
0.029403  -0.430311
3.570903  1.961816
0.770610  -1.838863
-0.826205  -0.330014
1.730010  -1.300547
4.066758  4.587906
3.960699  3.481943
-0.911814  0.932521
-0.423249  -1.241543
4.972958  7.616845
3.942779  4.256613
1.528556  -1.768182
0.795831  -1.952320
-0.291898  -0.460433
2.520091  0.519293
1.930622  -0.341034
4.867093  6.913743
2.520964  -0.945003
-0.808309  0.756938
-0.948585  1.480351
1.281867  -2.183984
4.449828  5.199697
3.788996  3.141189
0.105109  -1.778164
2.066362  -0.259803
-0.008838  -1.382498
4.617544  5.567220
3.292469  1.230858
4.642285  6.806664
4.061045  4.875754
4.572794  6.222977
-0.608229  0.471558
1.138702  -2.122584
4.713739  5.615781
-0.499412  0.469758
1.590762  -1.880003
0.137210  -1.546236
-0.971869  1.135080
3.653971  3.071556
2.589246  -0.348667
2.229811  0.208613
2.031799  -1.061660
1.569435  -1.151423
1.068556  -1.752845
-0.990476  1.750731
4.007961  4.466768
-0.789781  0.422250
1.027986  -1.637253
4.114893  5.021981
4.175450  4.686610
4.624814  6.160820
1.538715  -0.388038
1.691211  -1.160036
2.344340  0.537536
2.789956  -0.430686
-0.121902  0.014074
1.792388  -0.328425
4.225827  4.611479
2.202990  -0.339291
1.386136  -2.001840
0.440006  -0.340857
-0.669300  -0.759924
1.584678  -0.477723
4.578420  6.333469
3.189098  1.491309
1.645837  -1.308246
-0.773376  -0.589678
0.924259  -2.209574
0.912977  -1.891231
0.348027  -1.322095
1.496818  -1.539398
-0.145878  0.068943
-0.299376  -1.183520
0.772648  -2.115010
2.431793  -0.470278
4.488843  5.959029
-0.138663  -0.473964
-0.033122  -0.146083
2.899434  1.750627
-0.638131  0.488117
1.143861  -0.851771
1.665934  -1.943260
4.129542  3.607538
1.018598  -1.510453
1.437757  -0.534154
-0.754357  -0.158079
4.875208  6.584989
3.900508  4.266171
-0.219712  -1.073951
3.920823  2.807486
3.997613  4.423339
4.222419  5.252022
0.553382  -0.850024
-0.439212  -0.927085
3.634874  2.189648
0.183086  -1.374718
4.199747  4.554688
0.215605  -1.761386
0.423589  -0.413398
0.702124  -1.013646
4.749783  5.545791
-0.948434  1.076433
0.200127  -0.439370
2.082859  -0.901531
-0.643801  -0.517622
4.413988  5.850464
0.310317  -0.635325
-0.431587  -1.024266
3.790854  3.103839
3.899261  4.276459
0.993272  -2.218782
-0.974192  1.354818
3.785323  3.984768
4.433834  5.482914
4.736003  5.638042
3.280855  2.284096
1.439565  -0.496000
3.841621  2.567798
4.687125  7.197363
3.497798  2.313117
3.664687  3.510620
1.971471  -1.481551
1.772220  -1.617873
-0.729754  0.723175
3.841959  3.545323
-0.891413  0.232653
3.944795  3.554537
2.183194  -0.347116
2.580773  -0.436222
0.752076  -0.599761
0.490929  -0.769809
4.968335  7.059199
0.282301  -2.122408
0.343684  -0.772879
4.135006  4.409175
4.572589  5.156491
2.058609  -1.641720
3.060250  1.455626
0.227690  -1.746447
3.950187  4.085546
0.192525  -1.843403
2.431002  -0.330933
1.928529  -1.741123
2.518711  -0.415386
-0.002021  -1.426998
4.363025  4.964457
2.620446  0.499205
4.815567  7.658098
1.685195  -0.689571
2.668767  0.341543
4.037959  4.199559
1.277432  -2.082074
2.491738  0.551887
2.781117  0.065162
3.372064  1.012784
-0.960961  0.291931
3.207562  0.496844
4.735232  7.241082
0.328703  -2.117717
-0.886135  0.953778
2.941785  1.095705
2.675222  -0.306107
4.840758  7.540519
-0.683348  -0.083468
-0.272653  -0.194849
4.317215  5.411933
4.913031  6.531097
3.981381  2.830623
2.278693  0.069850
-0.452176  -0.118522
0.007752  -1.835808
-0.237342  -1.582157
-0.807482  0.753323
-0.775905  0.222539
2.874406  1.162304
0.306009  -0.282217
1.520145  -2.089706
4.334057  5.110589
2.910903  0.958426
2.878731  0.515566
4.982962  7.730654
1.955075  -0.584381
-0.571316  -0.780914
1.676637  -1.556966
4.737351  6.642496
2.476929  0.925178
3.126810  0.497276
-0.675314  -0.001509
1.143945  -1.602005
-0.664003  -0.886910
2.930723  0.727890
1.990106  -1.555130
3.265111  0.791525
2.526422  -0.103171
3.566302  1.493383
2.498062  -0.680090
3.123391  0.578914
1.450542  -1.595543
0.263843  -2.187286
4.573246  6.187099
0.880085  -1.106848
-0.488996  -0.326105
0.378588  -1.717711
4.265595  5.591725
1.553794  -0.374721
0.725293  -1.706156
3.556542  2.466468
-0.474349  -0.229227
-0.406853  -0.245125
2.278752  -1.328996
2.252849  -1.108372
1.104321  -0.935558
0.144541  -0.389566
4.619059  6.475182
2.105490  -0.515789
0.945898  -1.854969
-0.537082  -0.886043
4.468985  4.703410
-0.377313  -0.127697
4.136227  3.885305
3.067952  0.307729
1.372322  -1.296149
4.256239  4.449463
4.975852  8.180712
3.937794  3.431603
3.432772  2.187417
4.791468  6.101708
1.813197  -1.251526
4.864082  6.178966
4.027075  4.599880
4.559027  6.601512
1.334517  -1.906740
-0.761437  -0.119633
2.083910  -0.174943
1.298686  -1.007871
4.313769  4.861023
4.938248  6.459465
4.278666  5.677936
2.172102  -0.932056
1.573495  -0.710761
2.091289  -0.736901
4.481710  5.901638
1.098792  -0.513973
0.504308  -1.895965
2.727237  1.018173
1.693449  -1.885397
-0.965349  0.351368
2.028911  0.264071
2.232608  0.195923
2.453929  0.420270
3.028283  0.742721
1.361827  -0.452979
4.684857  7.003746
2.156564  -1.011081
0.328042  -0.466361
1.495997  -0.220282
1.346011  -1.260441
4.087957  3.102068
1.333316  -1.006272
4.358216  4.061057
4.759360  6.319849
3.191042  1.998122
4.774004  5.938772
-0.405975  -1.336479
1.781244  -1.188926
-0.845647  1.158299
0.234417  -1.491367
0.558908  -1.235494
1.295475  -1.020950
4.528942  6.407828
3.672116  2.335006
2.470781  -0.247561
4.937997  8.094999
3.809635  3.301073
0.148950  -1.331022
2.053933  -0.910222
3.263284  0.985775
0.094667  -1.364751
-0.517458  -1.034038
2.866368  0.055771
1.207522  -0.489873
2.301189  -0.127589
2.708019  0.203794
3.111863  1.526790
2.939327  1.329407
3.342279  2.410118
2.021155  -0.038828
3.143254  2.176478
3.676455  3.573418
3.998667  4.570002
4.082216  3.391210
2.137534  -1.006960
1.667519  -0.352715
1.719409  -1.515419
4.022871  2.922496
0.074604  -1.139348
-0.631475  0.787200
4.427096  4.762892
1.208113  -0.599402
0.789866  -2.324017
0.986648  -0.454673
4.754081  6.783349
-0.594780  -0.024950
1.588957  -0.377307
-0.161723  -1.000951
3.049433  1.877784
-0.370028  -0.739229
-0.411817  -0.052933
1.970646  0.149537
1.903104  -1.426281
-0.812109  0.061968
3.733438  3.330036
3.496290  2.811580
2.006001  -0.886463
4.861759  6.203749
4.804412  7.032633
3.294800  0.871978
3.906188  3.008691
0.336663  -1.425080
-0.879775  1.384311
4.041937  3.349127
-0.057156  -0.965419
1.990920  -1.495321
2.473145  0.453895
1.787899  -1.407456
4.450205  5.573908
3.963970  4.357767
1.089110  -1.109431
1.595461  -1.049296
1.594463  -0.484407
0.708656  -0.713526
4.045197  3.134457
3.701267  3.708086
1.805539  -1.808688
3.572212  2.239138
4.597655  5.825415
2.313162  -1.060791
-0.623701  0.297363
3.291673  1.151166
0.677702  -0.484471
-0.008482  -1.314363
0.348583  -1.502891
2.030633  -0.986650
-0.347798  0.075871
4.999348  8.413885
-0.545782  -1.210174
1.448252  -1.726118
-0.162785  -1.499006
1.697062  -1.869969
0.392181  -1.497356
-0.128532  -0.047320
4.042885  2.985875
0.703607  -0.642451
4.851552  7.811068
4.739135  5.910078
4.915307  7.951889
-0.157731  -0.143287
3.816686  4.157598
2.523093  -0.383068
2.675614  0.600616
1.546168  -1.185516
-0.937654  0.975047
0.888687  -1.549656
4.441591  5.721431
1.555888  -0.380691
2.190931  -0.318787
0.337749  -0.433204
2.819713  -0.218384
3.844333  2.556423
1.952739  -0.222692
2.280795  0.271235
1.334690  -2.244017
1.831673  -0.614500
1.691079  -1.087588
1.643985  -1.603058
-0.662303  -0.261305
1.012695  -1.293364
1.736564  -0.732287
1.748473  -1.297930
3.725297  2.673451
1.287942  -1.764183
2.428728  -0.230202
0.781619  -1.055980
2.894815  0.727023
3.151198  2.285076
2.051024  0.150831
4.439096  5.106134
2.734693  0.180846
1.229399  -0.625827
2.646685  -0.502551
2.730033  0.899666
1.173827  -1.297402
1.508156  -1.855600
1.469037  -2.222954
1.462057  -0.276859
-0.549041  0.724671
0.393629  -2.063253
0.567864  -0.633852
4.992736  7.799477
-0.995587  0.073075
3.671314  2.245897
-0.232174  -1.570450
2.089150  -0.062279
3.916131  2.922409
4.602591  6.617072
0.733521  -0.682766
0.833307  -0.763486
4.984026  8.399190
-0.675924  -0.774468
3.531767  2.491603
2.910583  1.562580
1.144262  -0.455623
2.227551  0.345373
3.081806  1.875695
-0.647555  0.693881
3.436091  2.022463
3.096391  0.478453
2.815960  1.096721
2.567364  -0.633891
2.478177  -0.776626
2.931530  1.615469
0.579274  -2.003835
3.809058  4.018268
2.203959  0.529077
1.453397  -1.389364
1.097708  -0.730175
3.691965  2.460891
4.818821  6.054257
0.322752  -0.853882
3.528504  2.924428
1.944953  -1.320419
1.776171  -0.848276
3.446784  2.819867
3.793532  3.465768
-0.827339  1.332510
4.244015  4.799618
1.067114  -1.965019
0.886735  -2.064235
2.632375  -0.137113
4.938743  7.382397
1.382995  -0.616672
4.496168  4.845943
0.738904  -1.705761
0.124870  -1.080391
1.791209  -1.076720
-0.951266  0.428180
2.954036  0.841736
3.049865  1.006434
1.586366  -1.776110
0.120992  -0.423337
-0.975918  0.763149
0.823668  -1.403274
1.660143  -0.708548
4.724460  5.469287
1.095566  -1.861089
0.508828  -1.306079
2.051220  -1.214733
2.830711  1.284745
-0.351635  -1.266629
2.356203  -1.133593
1.068285  -0.432532
0.270867  -0.719419
4.189740  4.353962
1.445239  -1.803079
2.983809  1.249174
-0.372814  0.186894
2.486309  -0.528106
0.428193  -2.294880
2.602345  -0.100772
0.191882  -1.928133
-0.649180  0.755582
3.391954  2.826278
3.311872  1.212132
0.203105  -0.983277
4.508060  6.386594
3.539442  2.260126
0.700299  -0.602127
-0.502082  -0.678382
4.718001  6.055592
-0.420149  -0.000722
2.252246  -0.797072
4.149749  3.420869
2.991922  1.409932
2.850524  0.023840
0.776598  -1.960160
4.758436  7.494362
-0.233845  -0.014177
-0.764328  -0.050743
0.902938  -1.198918
4.261651  3.926726
3.744134  3.555747
4.891567  7.017809
-0.540522  -1.060544
0.413993  -0.629344
4.073377  4.396997
-0.143418  -0.333641
0.008625  -1.601204
3.680258  2.871879
-0.981052  0.714293
3.992874  3.865811
0.969214  -0.929591
4.679758  5.265397
-0.806944  1.067035
1.566452  -0.631717
3.464482  1.191015
3.566068  3.093289
4.185187  4.218698
-0.222650  -1.220962
-0.899838  1.256903
-0.870538  -0.330775
3.520086  3.060069
1.375324  -0.311954
-0.258303  -1.185580
4.006612  4.476435
2.259394  -0.179804
1.131322  -0.515038
1.937170  0.147722
3.835173  3.905794
2.062570  -0.890531
1.253468  -2.140882
-0.068781  -1.737456
3.723411  3.837106
-0.899217  0.186585
-0.429065  -1.277168
2.603050  0.995259
4.216603  3.751837
1.587539  -1.884594
2.733433  0.066625
1.806649  -1.124753
-0.689055  0.643324
2.463776  0.654345
4.475488  4.865822
3.281148  0.974685
2.828360  1.211023
3.421597  2.943283
0.767558  -0.917008
1.784751  -0.494045
3.082534  1.014872
1.835005  -1.533099
4.370296  4.685323
0.615475  -0.545856
2.176265  -0.468143
0.543983  -1.796913
-0.271080  -0.823482
-0.608097  -1.073028
4.833684  6.383300
3.099334  1.763575
1.822551  -0.638282
0.360336  -1.409888
-0.106535  -1.124425
3.129487  1.479291
2.415687  0.701838
-0.258070  -0.569840
0.767512  -1.188001
-0.543785  0.275683
1.949565  -0.400835
4.442136  4.475054
2.222306  -0.301747
3.655803  3.434505
3.929538  4.104684
2.272273  -0.133040
1.178991  -1.634585
4.286091  3.876462
0.152586  -0.965266
1.260844  -0.851252
-0.873900  1.126299
1.736102  -1.906113
0.912424  -0.673111
2.031474  -0.291541
4.303380  5.401639
2.514753  0.878735
